1419
6939
717
2
2161
1
3301
0
6628
26
2535
468
160
4938
2255
7032
21
35
4559
1
643
30
0
1451
3754
2
936
1507
292
10
9
1
0
55
330
95
203
2
4
3954
0
599
402
0
11
5
9
5
1
448
27
30
1038
2171
9907
0
459
0
405
10
274
1
59
1
92
3
0
0
2
76
275
1701
5963
5
1408
246
160
217
22
1015
218
144
122
5
8956
331
0
0
147
291
2
3
5800
5140
14
380
0
0
765
8908
4666
435
3
317
2
0
1497
215
168
1
1558
139
269
4
7
7
147
0
3347
205
8
193
14
14
101
3
1047
53
7
28
1
27
0
47
7617
1
46
5169
273
377
42
211
2307
4
46
28
73
317
0
346
24
598
23
0
0
198
0
21
0
0
26
8
479
17
1543
191
1301
7311
4
1
3445
55
2010
65
82
88
7073
1012
168
381
6
73
0
145
754
941
2432
8260
3
4
1
0
131
42
4002
2
77
2
0
0
2265
201
2362
1392
2345
24
1
0
1
2
115
0
1533
1
6
1501
72
7
3969
595
1058
6339
565
39
760
1004
12
98
0
334
4
0
19
4339
0
4
1
4806
1543
999
30
0
15
551
6
98
0
3
3
329
2578
149
1
1
2748
90
2249
3
887
6306
406
3
46
531
960
87
1820
5
17
2
0
7
32
163
1739
228
493
21
585
55
112
1200
3
0
2273
4084
1
2599
8
0
8
2
65
2698
0
140
150
1
187
0
14
21
6573
0
0
0
1
3077
10
405
390
2
17
63
306
17
3
1508
125
0
5823
822
1117
0
514
280
0
122
30
3238
4199
11
73
1632
18
9
1
2175
1148
241
6645
57
0
109
1
991
177
56
233
3
2404
23
1
2
1100
573
20
3907
684
650
719
0
1
7
23
4
247
40
180
4488
1
8994
4717
27
5860
67
0
4216
7557
115
4721
0
5289
1673
150
18
4571
23
290
222
0
0
252
6
1516
514
4879
2
2678
18
1
155
0
0
874
2
7
4
3263
58
5
1463
0
0
0
74
27
4
3
4986
25
5616
468
1604
5644
7911
406
186
70
0
3125
688
27
0
55
329
596
1043
2118
0
96
0
1
1854
940
795
0
0
6
2236
375
196
1090
29
1
0
22
5096
329
105
5
1634
140
870
2
502
1606
2872
7065
0
57
2861
3
15
32
7843
2861
2485
1451
1825
5756
3
40
0
6
4849
93
0
120
7811
7
262
5
0
3510
0
6
31
30
58
27
3156
55
8
7
0
1047
0
554
75
1
82
0
6
439
45
0
627
1
1907
594
207
176
166
4
8
0
112
54
3
190
2
106
974
1590
1482
983
2817
6
441
7
220
44
1454
0
64
0
4365
9
314
1260
547
31
2995
6592
28
64
0
14
6272
1562
3
5630
2354
12
1980
107
8
48
2190
3
2
1
396
112
262
0
621
31
144
2
3553
103
8
3
0
14
5563
36
25
7940
3923
49
0
91
7
1474
42
1932
104
40
16
99
22
4943
3
11
152
0
1162
1336
135
0
79
1193
8
3
110
24
126
2723
4690
5
1
12
81
7542
155
1045
16
416
9
8
46
604
2533
76
0
0
445
392
164
5805
188
4
235
47
168
1
3722
3446
117
15
0
3814
1
24
4947
9037
0
37
7959
10
26
5
1381
12
0
99
10
2
20
11
51
136
10
32
978
1357
29
5
1425
1
1096
1113
4
1485
4122
3733
14
6835
172
275
10
8
76
4629
7
1
0
1
4268
5248
3
72
4
4532
13
67
0
43
2135
1
4166
88
2011
1
2835
438
0
1773
1285
931
13
885
60
0
4697
627
3764
57
5914
1883
6396
8
11
8
5
3613
317
83
9
5520
180
8620
0
4
3
73
26
1
165
301
1088
2
497
3
3
243
939
139
0
101
114
64
167
0
0
7
1
0
169
166
102
8011
0
20
3
1
4121
904
115
842
355
39
894
9
1985
100
14
414
88
158
4206
121
6
46
1900
22
0
592
46
9
5379
83
7108
5318
0
0
1071
257
1
7776
0
238
2
14
1
41
33
1436
2135
85
0
2801
1218
605
7
289
8232
732
1
4813
1
402
23
3
4
1113
1216
1830
21
58
5
0
3357
3030
75
1965
332
1066
68
1
312
2429
108
1
773
8563
7510
672
25
1376
45
0
4083
930
17
112
2059
146
4
1107
6113
4027
6
83
11
50
1092
1
1272
6783
27
1
1
24
1546
59
3509
6
33
1
414
642
0
15
4793
14
0
18
7338
1308
144
9
14
1
288
22
3100
224
279
440
34
4
8
4546
2
4
31
8
130
0
12
103
139
0
6
1029
44
578
323
132
80
871
0
46
1097
56
435
292
560
24
5704
27
310
1
2
15
0
0
99
301
2560
25
9735
15
5323
49
3
5009
92
1
119
0
0
3775
89
1813
2160
1760
2
3933
9406
1061
779
9062
1032
5
7421
138
6
0
170
7
230
3653
16
2870
0
0
340
1
59
0
8662
124
8
0
3
556
7571
0
1615
9
181
8
0
0
118
0
127
0
2247
68
2659
0
23
4
8
155
106
0
104
127
217
0
4
2506
2203
186
5255
3452
67
1163
3
3169
8976
1
133
33
3252
0
236
3299
23
467
1
141
0
2
472
6
0
10
532
625
14
1219
2
198
30
1
9
716
87
4
731
831
29
5927
1914
4
146
1
7757
2377
0
506
55
1011
1
232
267
49
2102
1
3297
207
0
2410
1502
0
1
9
20
2040
33
137
66
2035
5
0
10
2382
561
1
3325
0
55
139
9590
2
351
5
0
2
35
44
1076
3
27
1505
422
0
498
96
9
13
1176
4534
9175
2942
8891
4061
115
471
3
2
983
8991
935
170
2
0
9
240
424
2
3
931
1233
2
4630
18
64
59
2110
0
8
1570
3
7818
8
27
6856
691
3
1346
3
3
0
201
156
122
6923
31
0
493
26
48
1654
467
112
69
1319
51
15
1
3
1463
816
766
0
0
2691
2002
8221
2159
0
6379
163
2231
49
133
1451
41
52
4432
3
89
838
7675
3018
1110
24
5
4
0
1
149
1260
3
2
1
4137
78
1256
364
0
0
439
548
9
2618
869
7585
4
515
23
176
124
0
1683
65
61
418
6747
7
286
24
2821
304
24
3
0
5876
7036
18
0
28
742
2
0
9
353
36
95
2308
1384
1018
9
411
19
30
0
55
32
16
254
1759
2
2724
317
123
17
27
2
40
8609
120
3
8651
219
58
18
1
2745
5
465
950
0
4595
1075
1311
7830
270
5822
2
13
120
203
2
558
0
5
28
7208
0
551
435
0
884
0
1344
87
227
9298
2970
6873
5
1222
222
1
491
100
3432
399
8
2
1
0
69
618
3
382
61
431
3
770
1301
1011
1837
552
56
5766
458
144
6565
613
1150
0
160
2393
24
2420
3497
81
3321
2
2
5
6469
24
3316
2
2498
18
3253
147
188
714
2
3542
4638
3824
133
24
882
36
425
25
7314
0
7
8
1
0
347
82
129
262
3
2987
1178
3995
288
932
29
0
2084
347
7
25
7
7
5231
161
1858
279
3
149
21
35
4835
0
3481
33
1
81
3
0
582
2
0
8282
268
10
0
89
128
765
9
1
8164
0
9617
1087
2576
14
162
2
152
104
1
30
1
1
191
91
1
527
18
177
2064
2700
443
2230
75
346
5977
929
11
237
263
74
4
1536
9
0
326
22
0
1764
28
20
3002
7
5
287
9
822
48
2256
11
5
410
1291
1
0
2
5
172
363
2
1
147
2
5
50
78
7267
1206
2
1426
1
15
1
0
5359
11
227
25
31
7
1992
35
713
6
99
2095
27
406
2976
0
26
280
337
0
2
1510
9
724
22
98
67
520
132
4
3936
0
1917
0
1187
37
120
3881
723
42
11
2
208
2767
785
151
1981
53
0
17
65
2579
596
38
404
293
125
0
7427
145
4618
362
634
5047
7
32
48
369
3
44
0
3004
3
3
886
368
56
8
1787
19
134
784
0
156
1104
4765
39
114
94
470
4422
203
70
3
1790
39
2502
43
1
10
144
5
267
9
145
18
436
3
81
6
6
15
8065
14
193
77
1015
2
72
697
3
852
1464
6725
0
6060
4
10
6711
671
0
34
0
0
55
28
5918
3
188
719
698
33
0
0
530
2
6589
7446
2
45
3265
252
0
10
26
0
1
7
3
1617
175
0
2485
668
938
28
2299
6
1388
1778
0
4970
8491
934
2
7784
1853
241
6
209
0
3
18
29
15
9821
7743
1
0
20
0
1
293
362
1
3736
7039
46
121
49
7
104
2
38
52
177
28
16
309
1422
0
1196
227
9421
841
1946
26
103
0
901
310
26
647
292
857
556
253
39
2386
10
8364
4
0
1444
62
7
0
1
140
31
3
0
648
10
56
1
18
6641
26
346
0
4072
12
62
4
3504
6
0
0
4
216
3
1128
32
3035
0
62
53
178
6
77
78
125
7797
237
32
49
929
1249
1
122
13
55
1387
113
3633
25
7
7
7693
139
730
209
15
111
355
4361
0
181
30
35
5
6826
877
36
9125
1207
4
2686
2008
8941
1827
869
3
8
1
2743
688
184
3393
3
2271
8343
68
2556
18
352
440
13
236
980
0
9
658
871
490
7755
6241
3
15
1
4601
219
390
1489
5
41
0
29
145
864
2779
22
55
4865
20
0
10
1
1014
0
25
0
165
3
45
1259
0
5738
9
796
8434
52
206
2499
7102
36
1903
30
5
83
4293
413
10
2542
1
2445
1622
73
203
169
166
31
609
508
2948
4913
80
2127
7
57
2043
31
4
3930
174
36
113
55
0
1
1
51
2230
360
0
564
1947
1660
0
670
1829
2554
19
113
255
2
5078
0
14
22
628
19
6
6573
7
12
28
1454
0
28
20
2
2139
5
0
1
0
1
1
3966
3
297
1
2466
16
2480
7133
2
7878
11
223
509
175
1
0
156
36
136
45
19
0
8669
3721
112
0
320
3
4262
15
0
25
110
920
1
0
2
298
19
12
13
0
236
0
205
0
413
4619
3897
1177
0
340
17
11
9
4
0
19
1
1
7402
3932
955
438
5
10
107
269
6116
0
105
3
409
522
9184
6
45
664
1293
2593
23
77
4895
1681
0
17
110
1946
7933
4
4027
2
0
147
3
27
134
96
187
84
3
458
4282
13
50
0
1776
0
32
4557
33
14
4826
32
792
0
2127
19
189
3465
1
4959
545
3
614
127
2072
0
11
554
32
21
2
58
21
389
375
116
0
2189
394
4976
472
8999
2
8817
174
1
24
117
267
1
118
3282
343
0
77
9
5537
5298
1857
3309
17
85
12
6
5
0
0
232
2043
1438
17
126
312
1
3798
2854
34
1
57
7
364
4067
55
102
1600
104
3
1685
644
5
1
5361
22
4
563
2730
71
742
26
11
2
92
1
409
35
5521
71
1
10
68
600
2792
4
843
469
21
8025
16
295
466
6
404
70
246
0
3
7
13
3326
0
353
95
3742
1631
2
138
1
1432
228
1107
220
4313
3206
7329
1613
3
0
0
0
19
7
1
5142
0
42
260
31
240
25
0
179
8
547
447
166
210
450
1176
2
0
1
0
83
0
2
5
0
2
1
166
0
775
30
167
1390
14
155
1908
1641
0
61
1722
0
8913
536
3513
1321
1
25
107
679
51
798
1373
250
22
2
30
71
0
1
234
25
9785
4871
0
3
40
58
18
169
3577
992
2511
35
687
1
0
389
0
3
2494
123
44
357
1217
756
34
0
0
1539
11
5056
729
0
5382
0
417
9722
4836
1
21
1211
1024
18
631
32
4675
209
3490
3416
53
9205
9685
7346
4
550
20
10
1211
943
71
575
1675
0
90
0
6355
90
4477
9
414
515
131
0
5
2757
6
0
584
144
40
30
3101
25
338
114
4801
5908
45
1
4669
2694
2194
36
25
5
8
9822
7621
12
3
626
0
1
27
2662
3
1726
214
38
1
4
1713
1464
352
6160
166
4233
4615
2317
9
951
499
2
213
5
2459
2281
119
0
169
28
204
18
402
0
4207
119
3
22
56
6031
958
922
4318
452
163
1614
413
679
3769
155
300
2879
17
15
344
13
546
0
0
22
48
9159
62
3831
16
214
3
448
12
746
876
1
2178
2259
7650
42
3886
0
1985
54
15
9053
1254
1
6645
14
3065
892
1093
9948
50
8
4
2
6211
195
1206
74
5111
2
181
8
5173
22
6362
85
9
515
115
786
1
0
791
1240
5
72
532
535
115
3
5990
2
18
5095
8
19
13
1
4
0
7
5
1802
476
50
0
5
1212
0
9720
1105
128
6
66
0
853
1
3332
838
50
5411
4109
0
7
574
24
0
5539
2324
9956
15
30
37
250
60
5
6
5809
41
25
3
732
7
27
6271
4742
1
157
5551
1847
7
169
2
0
10
933
15
5383
7291
358
2939
154
5387
11
370
1
4
1
2886
8487
1
402
331
72
10
2
820
539
0
50
130
277
13
10
4335
601
4147
3978
4
3365
24
1327
9491
28
696
101
8629
9703
0
2077
5970
43
5262
729
6
655
34
281
0
872
1115
7564
1142
2469
565
2026
167
1352
0
17
1045
1328
1727
321
2377
599
1
2140
112
6129
7436
333
3783
4299
130
3
0
21
2
217
355
316
1909
209
3276
10
0
194
9840
74
75
0
26
42
113
928
365
6
570
81
317
4
3624
32
50
1
108
4221
7969
76
2816
0
2634
27
3
673
122
3401
1882
481
485
0
5
372
17
215
0
990
2796
209
3
37
4
0
5
18
5958
1349
8
143
2
15
149
222
0
655
7
25
4693
1130
27
22
206
75
3262
3900
37
45
2232
4
15
37
4292
367
803
0
85
114
770
19
375
35
0
24
410
0
62
2161
2178
1406
303
21
37
24
1
2193
2
0
1333
6541
2
281
13
1
20
6
1
7
4
9268
52
68
1698
14
1
8
63
1
21
40
14
148
24
1547
2039
20
717
5046
29
18
260
68
3
68
6
1812
3601
55
107
2
12
190
1
193
0
8
7878
7
1020
18
928
3679
34
5152
563
501
2783
2894
1
13
6381
2
608
0
240
45
1
201
0
2580
13
59
92
1259
0
33
571
9361
1769
70
621
0
1
0
198
31
16
3679
100
0
2
39
2976
48
6
7820
329
652
117
44
0
3
78
76
49
25
304
28
1480
75
3825
0
1
1281
2
69
3260
79
30
30
22
1
20
50
920
75
5
39
9062
2
0
12
526
8373
387
109
1135
9584
487
67
8532
2679
115
203
9
8504
1055
233
487
3
59
252
911
10
36
7793
6572
5
178
7
4705
1544
5868
4
22
7015
360
7091
6799
140
703
57
78
148
0
0
256
1
10
419
471
1
1
4007
363
0
1888
0
1557
1042
50
4
4
51
8714
264
2065
12
8
33
3558
224
4
4600
479
188
34
252
4
1222
2251
19
3
171
137
7118
0
806
1150
785
638
2
30
1
7510
594
2812
62
10
514
43
2409
394
5418
62
313
0
88
2
9038
0
1348
1
265
2347
174
1224
4035
445
1
0
29
4309
20
3103
194
7595
11
5411
10
349
106
0
0
8
2480
0
98
6
7119
410
1937
254
5
25
11
4
8
112
4
2582
3856
9868
2780
9
13
2211
0
44
256
35
20
9363
9037
741
0
7107
5
7
1515
47
0
94
1502
1623
406
0
132
161
15
383
19
4
2
2
1
13
81
738
4
584
5
5
2
9
2421
0
136
4963
87
9479
89
2636
110
260
20
17
2130
192
10
8
181
363
365
136
11
9
0
36
9602
6
0
18
5
1
2133
0
5367
7
1
150
58
634
18
1728
0
0
810
3112
687
0
3
13
0
0
780
1
4
37
1172
1026
238
2477
1382
1193
17
331
33
7
7743
2167
685
5
0
52
1
15
0
1
11
10
9742
346
190
5
100
30
2354
0
37
1
0
2154
11
347
2
456
8
3828
39
40
7
41
448
685
1
1074
2583
0
0
3035
4
0
390
430
1965
7011
2
30
108
873
1
4311
633
11
1849
8573
1
547
2
5
20
2527
1
4532
4808
217
1
218
1
122
2
5
1
10
96
99
113
87
66
3546
481
10
6484
8717
84
270
138
6
6305
1
1431
5269
25
312
33
463
20
13
0
1
15
1855
375
27
601
8963
3
3245
8623
7781
371
49
863
572
218
2
5265
3
383
1211
374
1239
29
2265
2001
3064
1728
0
237
5
1283
169
679
783
1
355
234
83
5
8253
1628
5500
76
3
2116
66
0
138
392
373
955
15
3056
2207
1
0
1922
43
14
5
39
103
587
0
42
0
145
66
65
44
215
3705
566
1379
10
1136
6066
1
7
266
20
190
6
1972
11
4
12
9
1
1139
4
1368
3772
7953
79
2
38
36
9001
562
5
6653
1
16
0
3910
2542
1412
5969
0
0
101
116
563
4784
37
11
0
6107
1166
6
222
0
10
214
19
1879
21
98
53
1871
2260
267
286
3
11
3161
3
47
62
8
0
0
1
263
2
0
8844
9
1766
2811
5635
44
1
215
26
613
0
9150
7
120
1
752
116
40
72
6851
1
1174
9
10
202
2765
731
4515
311
0
2253
3
1
18
9575
14
9092
12
22
8
783
5647
721
5485
1129
2438
555
895
34
0
98
5557
35
29
3231
164
102
0
5
0
8
1384
93
740
8519
46
2
9
3
10
2266
43
357
379
1713
0
1
101
0
432
0
28
165
1014
130
0
0
795
1429
61
0
79
8
523
9
85
2092
76
1136
20
5168
346
1559
842
6453
0
1
2576
30
2530
466
43
1057
0
215
494
430
14
8433
238
0
1153
1
5
5
1976
0
0
0
2
0
1114
1
111
19
7
0
203
15
1
139
5
0
2978
665
179
51
56
115
499
1987
4579
73
75
1773
3432
2000
7167
1459
141
0
294
0
96
3
33
8
34
0
204
288
0
1
1544
3
714
17
7
10
27
0
424
57
950
3006
539
2019
6064
258
7917
2055
66
0
0
139
413
0
8840
2370
6378
232
2831
722
6446
1
12
98
7933
56
3
7
928
232
637
5732
26
555
190
50
11
9612
4
101
5663
4
2
2371
0
656
2933
3
10
38
270
1
718
256
9
3809
4723
22
0
147
2
16
1302
247
37
31
3
57
2
511
2
0
125
103
2666
2049
520
67
2297
1
12
6
0
67
328
3
1079
84
156
1
3839
2
0
3563
203
3115
4085
229
2392
5396
1
4747
22
22
239
2
4
357
21
4553
40
354
18
0
90
13
57
101
8054
102
3424
459
9
3354
3
22
673
2
117
71
256
0
179
2
10
62
84
13
714
163
1
95
2686
0
313
629
0
0
2536
2
0
40
36
1327
12
3
2
5649
46
1225
2
6539
0
6
23
8729
1741
320
1172
4
6264
121
0
2
6
1568
1592
0
178
517
1302
5
1234
4498
0
3849
5692
22
3
3306
24
997
2442
17
209
608
17
44
1
4
4
8539
11
14
322
8222
314
17
626
0
941
92
32
46
9493
1
253
1554
17
1
77
23
4
3
4503
1497
2286
246
35
244
2876
0
16
34
2444
0
0
1071
95
742
116
14
1
7
228
2
6837
2496
2682
824
507
53
204
445
182
2
561
0
0
1285
51
1
91
0
16
9176
24
0
253
92
82
241
0
458
6625
6237
11
2
57
194
20
145
880
1
10
1
249
2603
1051
4743
9072
6
705
8
31
0
4
1
138
0
0
2
5
9564
1735
22
3
2958
20
288
937
33
3598
2
2692
1174
700
591
227
3525
510
2
4
456
6
88
77
165
89
228
3
5408
189
1758
982
1959
166
2650
0
809
24
247
157
214
775
3416
7
1879
1868
3
1
4689
42
91
358
158
863
3033
0
777
41
2
0
0
0
1711
469
3
3
103
1397
6297
9844
8838
97
938
4575
17
2
75
20
5
2801
601
35
85
5
216
6
56
0
1
695
2943
46
3612
16
13
1793
0
0
5
6676
0
51
3817
467
1500
29
7345
43
1
50
7
565
4
203
19
1
6116
10
232
114
1529
1
913
263
677
599
4
5518
4
106
7
16
14
2924
261
182
4225
2
45
0
0
1057
0
4
44
102
21
11
3280
302
4
1422
174
0
5515
0
270
1345
36
0
23
183
21
4
1387
347
45
5
0
0
3219
0
24
594
2292
315
152
15
2434
290
717
33
24
11
2
1408
1
408
0
0
0
0
2
1
210
153
5976
1
0
3736
0
13
0
3
3
7
6579
1
906
1719
51
6
111
0
1
7638
75
362
3
522
2
175
123
8024
9
898
548
2698
2707
0
2595
2
2
4
292
1004
7610
5666
708
5
3
7
9025
3815
5499
4809
22
9100
1
20
266
83
2
160
1596
1
29
180
3217
1
2220
0
160
0
132
2
0
0
28
0
12
51
5
38
149
647
2555
476
3876
129
2
0
1437
7912
47
4252
3
25
20
92
78
7670
5428
2
8
2032
2454
9
8
86
0
1
5084
21
5
493
31
60
3295
46
62
1
2
21
2031
6223
680
3
2
154
2
0
1
1565
453
165
20
7510
51
42
325
1255
0
120
149
6759
6
4523
9168
0
5
3673
242
15
212
8
0
3418
112
3797
3
1301
7
130
106
0
4
2
636
7985
878
8
28
2294
4
22
373
628
452
1025
3
6
0
9
180
6
3535
2244
67
4757
5995
10
325
2553
1
4
2013
9
7322
0
63
6141
853
1721
323
1380
215
1024
930
8203
414
77
576
1
3
2589
0
358
4
85
4514
6305
34
0
1270
110
0
9
215
952
65
597
1
0
8783
281
0
3416
10
30
70
19
3561
372
4
0
12
2
5
230
3
3
255
1
1
638
306
3865
595
938
22
470
15
3
4496
194
163
0
44
4153
3095
270
3571
1
3272
2
151
2028
57
192
1177
0
3966
19
6052
1705
2238
8947
2262
20
1151
25
522
56
1905
1
67
0
8025
437
2
941
531
58
6088
15
771
2
1528
9
1617
2007
8
3
586
2085
2
30
3
0
830
93
12
100
209
3
1147
0
2184
10
332
40
45
16
0
397
6
9535
45
1182
74
308
3258
0
0
262
3008
345
0
8
3
1
731
0
459
7
2
0
3591
34
14
19
1617
414
17
0
0
182
98
176
2
27
909
238
12
10
254
21
7
47
4
50
0
944
4773
33
90
4804
56
467
1
52
91
4
468
692
9
5132
0
92
46
7047
1207
181
117
9
2082
1
0
932
1
5
90
6485
0
508
30
2
89
4032
278
4400
14
21
30
4018
1322
820
1
6
1
39
5603
941
0
0
130
2416
2075
6
9
173
511
1
0
32
70
43
1
3409
8190
1755
138
876
2081
2058
2220
5255
5
0
3981
129
5
0
79
0
5110
0
1382
0
1282
125
6961
2886
855
44
8
801
8774
971
2
31
1
31
444
10
8
0
26
9
1214
1595
9
2337
381
35
143
3240
2
6233
0
0
8
1
12
158
40
0
396
2036
1359
3228
4674
2222
217
750
216
26
206
22
583
784
20
21
3064
160
1782
24
123
2
45
34
156
10
53
52
4
8
14
71
0
6001
741
24
0
1
2
391
0
1326
1
1555
1
5902
85
5802
10
97
1
13
7
25
7757
0
492
2
75
4287
0
249
7093
4758
4
4
69
105
980
9
2
585
0
294
102
3
0
578
111
1450
1
7183
53
0
168
3
542
3
126
50
290
886
131
17
32
1584
1547
35
1521
5478
14
105
448
305
6653
109
15
2720
3917
1841
559
3737
0
48
7707
55
1630
5141
106
505
2592
3
7
6948
75
186
1325
221
16
2245
9559
0
45
12
703
0
14
20
5
0
1357
1577
210
40
467
8557
3
1
13
0
0
569
26
2592
21
48
490
57
1
1252
178
2
29
159
2
1
2071
14
254
4
81
1056
0
1
150
9
7
484
2185
28
164
1359
12
2068
9
431
516
211
23
0
0
0
5972
1
59
251
0
1
44
113
531
1110
71
0
15
880
5605
10
17
0
0
939
2
3077
11
2838
682
1
52
0
4629
1175
8127
1
153
4121
159
56
1
0
738
3
4523
260
2325
2
14
2603
24
359
897
0
0
176
29
539
135
3
9
5936
1
314
69
307
6910
1
1
46
9764
8
0
4424
19
2028
1870
0
223
436
1368
15
272
24
779
169
13
269
1368
82
3187
1
2533
156
89
0
136
13
1257
1910
4459
0
886
289
2646
0
4931
0
3506
11
38
6
1468
1
2
3
7220
6
145
0
25
6862
4880
2
1036
9471
3986
7790
24
4244
13
60
95
2
7
356
293
27
0
24
14
5
5742
1621
4666
3
258
150
1294
0
731
61
2279
0
216
632
6589
3655
2573
248
216
5720
901
2
3
2
5418
50
761
65
7
2021
5673
729
76
0
41
4
173
51
2491
529
60
59
10
2472
927
0
2532
218
0
15
9
14
5377
174
21
477
0
76
459
338
549
13
3478
0
459
130
9890
0
1
0
3414
387
24
3397
1274
50
229
0
896
145
8259
1
21
7
19
2669
7420
0
6
715
322
2730
240
0
48
107
581
0
4617
0
332
455
8263
3179
2880
7
621
1850
179
2
420
4305
88
0
118
172
21
1
4
1
37
4332
0
1326
7016
116
75
264
2418
388
270
19
95
829
789
5015
2705
152
78
0
0
2
8070
2499
1734
2
0
3
4
1002
5509
2
0
4632
3
21
5
669
1318
244
301
9530
2005
125
63
997
579
3
1
21
5526
0
2084
2613
15
8830
5
1
38
1
2
1165
0
977
2
62
4299
97
0
3
369
12
34
836
379
363
16
504
13
0
30
2
7777
30
30
0
26
115
28
809
4
1
1495
2863
7613
7057
0
4
816
2749
0
18
702
4
507
2682
234
74
205
23
1
57
6338
0
0
4
15
1492
1939
55
151
76
803
531
34
466
2207
9443
4127
3090
129
21
4837
329
245
369
1
15
415
404
1
5979
93
316
4
2157
1
359
13
0
0
1
2925
0
10
2
2653
64
372
31
158
13
0
0
0
2131
49
56
1507
338
24
156
2967
0
252
33
45
3
309
293
384
1950
14
2274
6241
62
507
7
48
464
22
71
38
507
845
3505
2324
693
695
2988
1249
7155
36
87
5207
2512
912
352
3609
1
1
828
0
0
109
1
3690
569
18
13
175
75
8284
21
6673
0
1
366
2
8
7317
132
4786
6
198
3878
337
90
51
5020
295
21
4
3132
230
4799
1010
3
4732
38
1321
0
1508
219
5130
0
45
300
270
7
14
41
7
0
9
139
746
6237
293
1
13
0
6
18
101
0
165
9278
5
14
221
27
8
577
0
3963
4613
9518
8
3158
194
3226
2416
19
1
3
1289
815
262
1660
32
33
1748
68
341
119
1586
5698
1723
1
3407
0
24
77
438
391
0
15
2580
158
7
3406
207
295
38
259
1175
93
2117
9
61
9
0
46
96
489
1
1924
3188
10
2
2906
0
4
3733
345
8
1458
57
4
12
1
14
8691
12
1
94
83
3
421
0
2124
68
849
8095
9791
4
0
202
2
61
6
4
248
7251
1
294
0
7268
8606
0
7
1633
503
0
2281
85
16
28
4232
2
20
18
64
79
7
325
6071
45
6
695
83
11
2669
624
9
82
4295
5843
1038
11
8
2594
6
3083
8498
10
1
318
5073
0
95
37
1
18
1
518
3669
14
7078
19
3337
32
411
648
42
54
4754
39
0
104
94
101
790
6
11
0
10
908
2778
2
1
0
0
26
0
17
211
1470
51
0
7321
4
2789
867
0
3
487
111
9876
5
8
1700
0
2
17
0
47
0
3
6
112
72
4
7557
7
5369
1145
0
24
44
8
1359
3
2720
2090
21
7103
8
373
1
58
199
17
1
505
5
146
23
0
1
36
14
23
304
7697
6661
17
41
72
512
354
31
1075
5
12
1047
7
3056
5
1527
6
487
167
17
8
360
1
881
0
3
745
1064
0
2
1686
5698
1880
0
197
13
5666
3
741
34
15
0
4294
670
93
369
32
0
4920
0
6024
3741
19
0
20
141
3
2611
155
679
27
1
21
6
0
0
0
2632
5
29
706
859
656
5
2046
2278
86
217
4054
7100
292
11
2869
0
1575
218
406
16
767
4173
20
11
2
0
0
159
3
235
8336
37
11
6
453
5
629
185
61
9
44
7338
0
3
1614
271
11
28
2
1733
119
578
4
658
91
69
21
2204
16
308
47
1276
1391
1
72
2400
40
0
223
28
1116
1688
3405
32
8674
1627
5
633
1722
324
719
2
4656
51
7957
1203
892
204
714
38
3990
1
2409
33
134
1234
1204
190
3
4490
27
4314
8506
270
600
27
528
0
5
803
6
6
1001
0
549
103
142
0
1000
345
0
21
6491
5742
6
0
1
5
129
4018
2306
22
76
596
1438
240
11
5612
7290
2
1
147
5970
2734
0
1
0
24
4
270
47
292
1
56
0
22
7
12
33
381
0
8086
3193
269
0
33
142
434
7052
38
326
503
122
0
37
1
1
4802
0
0
486
19
2
0
26
90
2
12
3
1
7
61
65
6
10
900
19
233
49
2738
1056
143
109
5677
15
1130
473
47
1
2
192
0
4
5514
1
2197
2848
856
6
267
217
6956
0
60
27
14
1149
5664
293
2881
2
0
543
304
6
3248
5
2
3275
18
16
3497
13
1092
94
1
209
39
41
1
0
6535
674
5
34
137
94
326
1168
1
0
6
163
253
7323
7861
3845
1693
1055
7376
3838
67
109
16
9
136
50
4
324
7974
62
1
2111
35
1
6782
448
0
2
34
31
6433
8
5
0
7
1
5274
249
0
8
0
13
188
0
1421
2
7
9
3060
198
687
208
5169
180
2
8
110
117
59
9508
101
27
4
62
1383
293
1
42
360
3
63
0
40
5694
0
6
238
485
5890
0
0
1145
9
0
9
0
2258
4
34
0
2
4425
4680
78
1
1
2762
13
72
6134
6345
125
3
24
4952
3
3
4
0
1098
8
2906
10
843
19
85
2
870
123
1
58
4889
9
147
10
263
73
39
6401
7907
23
670
514
275
33
734
10
1462
6
9
7
4301
7903
3467
4531
5
906
126
2
2
82
2597
0
1
3686
14
3
0
6694
680
2964
0
471
5
6810
0
7
1210
1
1
124
529
15
377
0
0
5
2
344
146
21
26
0
33
1
343
3
349
3407
0
4567
1591
130
4278
5
10
83
18
429
7
1
0
1380
25
1754
145
136
487
2687
2888
15
479
803
572
7913
820
52
221
7
8498
4548
89
26
72
3238
603
341
0
5612
7
0
929
1135
11
1598
4531
0
6
8295
1026
1
8395
17
524
0
0
126
4
30
9032
2044
0
2
1977
7
1276
6887
4
0
1
10
1
87
8426
45
8
4
3132
1
428
530
17
3429
2944
241
0
0
7104
2714
283
0
881
764
73
67
558
231
1
764
292
64
0
4411
1
62
2
2
81
1
0
116
11
210
25
513
81
3554
71
5
3
0
2
86
3454
0
1
4
1
118
1955
3
0
9
4324
3522
4
3636
178
7
24
457
7641
632
286
64
156
3738
30
100
654
18
0
1
2
2095
17
2319
29
3805
8
123
92
5
490
96
1553
28
303
8345
84
5
44
5795
9762
40
1910
0
9720
54
52
7
126
2
1927
972
0
32
99
9807
4799
225
15
0
0
625
3337
1356
318
1882
3053
1470
5
8667
185
2899
9
2364
2945
553
1
120
3
2511
0
17
768
6541
4523
0
68
1199
14
0
9
589
5
209
3518
0
83
3439
307
126
564
233
787
49
73
0
269
12
5
264
0
0
3
133
9
8
208
186
25
13
7756
34
1302
4743
96
4611
1
4963
10
344
3
245
273
0
4940
1669
1
0
897
4
6
34
2
2896
9728
2267
22
1229
0
49
3638
727
35
8
1442
7
0
1049
1
1
4
473
88
163
1642
3446
344
0
33
93
69
3448
299
2235
8143
1945
1601
3677
2
4
6673
371
1265
37
11
1500
692
6
46
1233
1
59
0
165
88
10
738
354
3714
17
9
4
3122
87
5878
4
2
6216
531
63
31
64
5376
167
24
7
4
0
0
5051
372
2
394
2232
203
31
0
23
5368
102
7
5
28
1822
598
415
2103
100
9640
25
1360
8
9
0
0
2
124
63
480
4369
0
73
34
280
2274
182
698
2
1
43
0
0
3338
2986
102
932
0
0
23
1616
2
19
3
1
408
549
7998
317
8
9985
3
3
119
0
6
0
55
79
816
132
4457
60
0
18
7832
616
0
6982
648
9791
12
9611
9
2
3
56
9
42
462
589
2141
491
11
571
1034
630
276
11
1
4733
969
3164
326
34
1916
3732
392
794
189
0
23
58
141
7
7447
45
1814
0
4596
5343
0
0
2
638
20
1686
2639
102
208
3
4
0
2304
715
109
79
201
82
335
3044
346
0
7951
1117
19
123
32
5887
359
8
7485
1357
0
2238
5
65
0
188
1087
5047
480
7143
39
326
112
3155
0
4
3321
2560
290
109
3
2268
2122
172
54
235
3839
1346
16
118
3
12
798
1719
0
0
366
9488
337
0
3237
2387
370
94
54
3590
550
928
100
52
36
28
2
8
8
4869
2
156
6062
4469
103
2
5
17
7
0
0
628
280
365
643
7009
18
1796
9
596
1
132
585
8906
5428
4321
350
34
1
2
3710
7
104
4760
1242
99
288
49
2
25
458
63
40
9620
10
17
1
1
60
9458
3
9
3
238
242
5
2514
37
4
2
216
36
51
154
238
277
37
42
6522
0
1524
41
1766
9
17
18
0
5861
88
0
8293
125
4
657
109
41
662
1133
14
46
4
5923
7
6127
12
163
142
0
0
574
3624
3681
89
0
1
180
5
9851
2
432
3
6529
4168
6685
239
519
1061
40
8414
1
895
2220
1009
3809
212
2
7
38
2317
2
801
1
221
1479
2
1
2895
3416
20
2017
1273
33
6220
0
8
26
57
7856
0
1338
1
98
4249
4830
473
1998
18
60
106
19
1997
2
318
2
1
1270
1738
29
22
7
61
0
142
1
4804
2
277
1
1
839
3
1
2814
1133
1338
362
2227
252
7385
135
0
17
1954
0
4836
2
96
149
11
2
1
1
2040
10
23
121
4224
2209
682
4301
2
644
1227
18
58
36
318
444
17
6
340
16
23
2309
1787
65
35
417
280
58
31
1760
24
7
34
158
520
9642
4
143
149
0
86
3306
1
0
8
297
2502
0
791
1331
1088
76
49
5
14
0
118
0
2
4692
3
60
11
177
6
1814
0
52
178
1
36
84
2543
266
3204
0
9
13
1
2
6
0
0
503
915
7
269
12
5625
2
8961
7
3618
54
643
744
200
3204
133
0
0
3574
1
42
698
86
1
0
114
398
2
878
4709
632
79
13
13
3092
302
73
0
322
102
11
0
804
0
17
22
97
2
943
2
16
433
11
1
3235
2747
231
25
1509
5
112
599
15
34
747
54
73
0
0
1
12
14
909
2867
12
688
2104
0
2544
89
5
0
2503
616
3023
108
70
186
2151
1
5861
2987
2753
129
56
0
114
911
631
8124
193
1050
4808
6
663
27
71
254
0
0
2952
533
0
10
7345
1532
652
18
277
4033
216
4860
93
182
540
76
108
834
3
52
1
0
2006
2890
2252
7999
2663
13
263
6
0
106
240
3
5245
9174
1324
6186
980
1199
1
1
12
89
706
3177
2477
310
630
1914
1598
112
16
1063
101
1
2
8446
3562
21
10
9924
63
119
12
8
0
3
4951
0
37
29
387
133
582
673
140
1
259
0
5586
1
3
2
186
66
4935
154
2
1425
1573
2502
62
72
164
7
4
532
2
2
7
2
0
1099
4474
5
145
0
0
1055
1808
1007
0
317
18
2048
6976
1
818
0
4382
2214
637
2494
51
0
4247
53
14
48
7
15
6280
912
0
1
9
34
428
2
4769
3730
304
6
136
5
8384
470
312
8242
9586
3416
3505
15
5187
2909
982
130
5528
1461
7073
8
4870
123
175
136
3
3309
10
36
1
3
6190
10
6247
3855
473
18
2627
34
70
80
2
0
0
27
4635
988
37
5153
210
0
461
18
7
1412
957
4655
9
0
15
0
417
2
4
5
4085
5501
17
1750
992
0
6
5298
216
98
922
0
2
2156
246
50
39
66
837
202
52
8767
79
2647
0
2448
4362
0
5
3
515
8
4
179
358
2195
2976
82
1241
128
1139
756
0
67
709
6
56
116
5250
193
0
3
6350
7
121
0
88
121
372
25
3360
168
206
77
8163
41
486
45
35
7667
14
12
3
688
62
6
0
1087
64
17
2
21
8
878
0
7
338
446
9
153
14
302
8
22
1
362
443
11
7693
57
51
599
0
1
4152
729
11
0
98
61
41
0
2588
74
2
932
76
1152
1514
332
646
1
61
12
2
7
23
0
20
200
442
16
5
887
1654
33
2840
1466
3082
39
356
1855
13
21
0
5725
341
235
18
4174
1439
53
173
255
31
449
97
112
105
32
816
1
665
4
284
136
491
0
1013
0
47
17
1429
0
333
122
3043
0
9
3
11
5
274
71
0
362
6
15
291
30
416
1
17
1275
1
26
3
38
18
3498
5
4334
69
6
228
346
0
9437
6
2314
1
43
520
2676
1
1085
6289
31
70
3168
0
1144
316
3
81
289
23
92
1324
5
12
2262
619
954
958
7
211
0
9705
9
1
4
4632
4
172
451
5
2229
0
643
39
41
3490
0
320
1
30
7407
415
6
103
65
168
1956
3576
2992
266
5
8264
7
5972
6634
204
11
1
0
6214
1
1
84
2382
358
188
8
1859
564
324
59
41
1889
1556
4739
0
1966
725
0
0
636
393
3939
56
3404
9
0
46
106
83
334
1378
33
103
88
1054
1
2
541
1658
42
4400
1372
114
1376
209
0
695
3
624
86
13
889
5
187
264
73
1
12
7
0
3884
510
3
0
24
1724
8
17
1509
0
201
213
3527
54
8
0
524
23
7
1062
9
0
307
5372
427
1
840
0
71
1915
1
22
324
150
136
29
1
8
1
296
493
74
4406
0
0
127
2007
16
0
20
71
3
39
812
0
2
89
3
3
143
8055
0
0
372
30
424
138
110
120
2569
100
14
454
1139
269
1
1
657
5175
2
0
8676
807
5424
95
1505
3
29
6
2
6
1522
1316
1
6
697
537
8
1
0
746
818
4
5
91
478
1
2113
61
0
292
48
1377
213
1199
1747
1293
669
678
0
360
4646
3336
105
2
783
6202
0
3
307
0
1173
7
615
9413
2112
1
2
36
166
1021
923
3
4
11
153
3237
4
685
2189
5
6792
0
1060
7254
1420
2141
22
8
8
160
4254
422
0
3
308
82
0
123
3085
26
466
0
15
0
0
7
122
17
4
20
29
4296
107
1
81
1426
546
42
5
1
330
55
4748
1
993
1
13
3
8
1295
1196
416
14
466
5
19
30
444
7185
2913
307
1
113
131
1
1503
5
685
1
8672
1
2
6965
62
115
1419
70
1296
1
94
105
0
662
513
0
9971
54
872
1868
2030
926
191
6
8
0
5309
49
6
8
129
0
75
460
7
18
2489
317
3370
8
7585
8
209
16
1
90
1929
7
5
11
1785
2209
190
0
1189
3
13
62
1
21
121
426
151
3
3692
0
10
23
990
295
16
119
0
2
493
1
240
20
241
9762
1
2
3
84
9
0
7
1
9
134
0
7343
58
34
0
168
18
7
207
0
2073
234
1
1077
407
1
4755
0
613
12
0
983
30
1
6
1
1
0
3
443
1087
0
32
96
0
2935
905
145
1
19
2
39
3014
14
0
259
4239
228
91
1761
28
2488
146
4500
989
247
6
3821
22
0
4272
1993
211
296
2105
4388
2
102
653
8
88
1
1748
68
918
16
225
242
3567
0
0
29
21
4171
0
7
1
15
0
4165
22
4387
16
441
2194
115
1
156
40
0
80
163
35
2817
9
200
1722
0
43
0
115
89
8
20
342
2754
1
16
0
0
441
3
115
1
24
181
1140
1
2997
64
8
6
4
8
3
53
152
103
84
4651
0
152
8062
251
2268
27
2915
227
6
269
18
391
59
0
2
5749
6
0
3
881
15
7
7
84
5147
6
2855
509
12
44
468
2197
1
5871
2
898
3
34
1126
2
2
1007
7
2
0
16
24
14
0
839
32
550
420
1051
8694
1265
5
2
4269
470
179
852
2297
1
1298
40
238
2
0
0
23
819
8168
7
0
526
2380
3
7
2618
377
21
8
0
185
865
50
417
1
102
80
3
76
78
881
3
9
4528
29
107
934
876
164
93
3781
0
166
15
1709
1
0
424
660
277
1973
2273
893
350
3
82
9
44
52
3891
5
4
7343
1671
3
0
14
32
57
1596
0
1539
1244
10
239
7
9
191
20
1966
904
15
3
13
29
112
15
2071
7385
100
0
28
744
1205
1
1065
140
532
3490
308
0
5387
0
65
699
526
2
189
3130
3505
66
37
2822
0
126
591
6
1
452
63
586
45
5401
3
11
6359
846
42
39
448
0
2670
158
9528
925
56
85
5
0
29
48
1255
47
6
2
0
19
0
0
59
0
40
0
2186
0
3138
9
8103
7
1332
36
1016
8853
1135
169
12
4630
19
3
1
52
65
2912
84
199
23
1
52
0
14
1973
4283
9
525
434
18
91
6218
748
33
960
36
2
2909
1520
95
755
5
592
12
668
420
0
33
335
0
36
1386
65
33
734
60
47
4631
2617
202
356
516
34
109
246
12
1228
3845
0
327
3
534
1
87
0
0
3
0
3
6478
463
22
127
159
10
6
3
3452
150
1534
53
3
320
900
92
1
57
65
4
1457
1
19
39
4211
1
133
4559
28
123
433
1144
2122
5
3326
8
21
194
2
3
0
9110
2622
5810
3
0
0
8
26
2
0
2449
1945
3
12
763
1146
7
1
864
1009
1
47
0
129
2
14
30
189
4
8370
180
13
22
6
47
0
242
307
5736
6
560
497
0
1610
6
3
815
8396
3
6
0
6
5946
16
9307
565
224
6
2810
19
13
2
123
4
38
20
13
5300
565
3
518
1982
1368
7
701
5
481
3
97
132
151
4638
1268
51
2019
360
88
1
456
1325
134
41
1
1582
2886
12
1840
8521
350
52
543
189
0
2947
0
4
89
0
7
0
90
4
24
715
7
3542
155
0
25
55
2
8
0
7409
6
9
0
137
256
39
50
16
39
9157
1
2408
47
15
158
0
352
79
964
1
0
8
27
7
4
657
1061
0
1008
58
2
89
1
12
409
0
1
8
3217
3
6169
232
5596
120
11
204
5
182
249
504
35
119
6037
1220
273
127
9789
733
22
89
65
32
6803
241
3320
0
8
1968
87
1
8
62
2769
2358
0
1
6
294
7
6256
9
0
0
3273
1
7
55
2
4731
596
790
2
43
0
6
6474
451
65
13
5
2483
4
4
3
455
47
25
182
117
1
266
2399
2550
2070
70
173
4
55
0
9471
6828
36
2
53
531
5692
162
210
1378
180
3
10
1427
3866
1002
0
18
4
1984
5965
28
2
452
197
0
57
4
5824
10
0
187
1828
3
0
5
5
3
1451
47
5606
55
1511
435
31
43
298
706
2
4
681
0
10
384
810
555
5
34
558
2
658
922
4
31
239
417
520
11
7551
351
5312
54
1773
0
0
7378
17
0
49
136
2
3
0
78
3390
2201
0
286
545
4
4
1484
280
0
0
2
10
1
7
11
304
134
18
281
948
0
1518
1451
12
1
1720
8121
0
1
2
3
1
56
143
618
17
3
2
8082
18
38
13
3031
108
52
2646
7
1
472
27
2098
116
1158
5
2
3375
147
2179
8356
80
187
87
3
743
0
6
2
115
331
6
5
445
6393
15
214
761
11
0
1509
273
190
4181
68
94
734
646
10
1
1
5
117
3
2
17
8
54
271
143
32
550
1214
3287
20
2674
26
3473
1
2104
246
7
9
6171
136
4
188
5
6485
5186
935
4905
39
148
19
520
20
21
46
519
6862
6044
327
1727
0
29
2374
2345
228
6
47
7329
1224
4674
5844
3
435
193
3
160
35
41
8
47
20
8416
56
703
6
0
2
520
23
51
10
3
52
153
1
6857
163
267
27
51
9
0
4480
3
3
955
2
13
285
883
2
116
3
11
7
27
507
3646
735
40
0
0
3135
3
621
1838
2266
5309
0
0
0
55
252
1226
6299
22
42
27
1494
3963
0
8
12
2221
7
2
1
7
192
67
6
31
5
1459
72
169
30
767
2756
385
68
8
2174
0
1131
129
831
3
6
0
719
13
4
2
35
1
39
661
7578
641
301
46
0
70
22
0
6328
0
7
9
16
787
2
0
7271
3475
606
1225
7138
95
350
0
2
928
38
328
2
660
85
871
12
13
355
5863
9
9
9015
21
3428
373
9236
590
63
6893
3256
1568
317
1347
2505
63
11
6557
366
0
0
2063
9
73
5582
0
26
0
1701
209
18
5
7
5
23
9728
8134
70
2973
551
4
4
19
43
5229
4
117
24
147
0
0
2
234
5900
903
5231
2
6215
16
47
356
2165
883
6538
1974
19
2250
425
0
16
2
295
1
1411
0
26
40
4
0
1860
8804
35
7014
8494
12
0
398
156
19
887
26
54
2
2
20
35
755
2375
0
0
2
3
0
2
5531
972
238
1
0
54
0
24
1
1
23
417
0
1983
905
76
3280
12
0
5009
7
5422
4179
12
104
19
60
14
468
220
103
163
536
12
600
1
409
547
485
5
840
29
1643
18
418
28
9232
0
3128
6730
9
3
4
82
12
65
458
2
6
0
6801
1
313
1
9734
15
8291
9
85
6701
823
8148
30
196
7583
727
26
102
218
6
13
16
7
241
38
1
516
86
1
522
208
5
5784
30
3064
4004
3960
4
34
2
3
258
1805
9
19
10
12
96
4
19
2
15
43
0
1
272
0
69
1
2145
6
13
2923
1
99
2045
1740
478
11
185
17
549
1861
84
108
9
5095
52
706
0
304
9705
4
2
1
3188
22
214
7055
776
312
284
94
42
3
47
6937
5
3050
6
324
3372
925
520
170
389
2607
1904
667
3606
251
515
180
242
172
0
6322
94
2238
1
152
6743
327
138
3
8
31
571
5
10
7
362
144
822
141
23
1349
7185
1
1159
4
34
3
4655
0
3964
3410
1
0
16
6682
1811
13
23
120
41
16
18
35
10
11
1
7227
431
0
791
85
1
0
2
15
30
117
2429
12
1171
0
1018
6756
3
10
278
3512
6060
8
3
63
109
2305
428
0
1
3
6
332
2
6523
497
3790
2
195
41
6
1
61
29
188
0
832
5
0
9155
2
4
122
2263
198
9
119
56
30
6651
0
37
3985
6
283
43
66
111
54
127
18
68
13
871
26
402
1
571
267
2486
5
59
61
0
2562
3
840
3
8472
0
983
36
98
0
0
13
26
2065
1248
17
1574
6135
7
1
8119
1395
292
443
2
22
3
27
45
2
3856
161
3
0
1689
1502
85
4
4
220
38
156
0
992
275
1207
591
7
8
10
617
3800
32
8255
970
112
0
1072
371
94
7142
3
1536
113
695
2
8
275
4516
2767
833
0
320
956
8038
22
1
3438
406
21
0
15
142
26
250
2400
2
1338
68
8
1
3205
109
4240
429
5
6
1396
255
3088
1655
270
1210
25
3407
4
65
3
1
52
7
422
613
35
4051
66
147
468
7630
10
674
63
479
4
935
6
425
5367
282
0
2476
8424
0
1116
7
1334
53
110
11
273
0
25
55
1
3
2
183
1064
550
6730
9
0
4
4
397
15
134
0
488
0
1
7
4
4367
4
106
219
447
2
598
102
1
484
35
706
4251
258
3211
1
10
108
149
4
166
361
175
17
77
5033
3
3977
14
678
8298
3282
1059
18
2308
3
821
3007
0
12
249
1
0
2191
2605
17
1
397
0
611
0
12
2952
123
0
15
2
72
184
2
9487
1398
311
209
29
5851
341
96
0
689
1
19
635
1
817
67
3962
1
82
8
7
6602
192
23
256
957
198
0
36
298
5
3
2
1977
0
802
496
0
5792
3593
1225
6
218
1
4579
9
58
1580
2
26
78
78
2048
0
5
502
14
3
1
2160
84
791
19
8404
3
4790
813
9182
465
273
4
1356
199
1646
0
94
1
317
317
1974
83
60
27
674
275
281
1
3
3660
62
870
2238
824
3098
0
0
6
19
467
1841
8853
7
9073
28
1
1576
224
293
3
6
240
301
2
7306
26
4
1
11
31
3848
11
41
821
7
596
3588
144
5
838
39
354
861
1
6
31
0
7480
1021
10
41
7
3522
26
18
35
399
73
4369
263
1468
6185
1107
461
2
98
0
1260
1335
1
3841
273
245
1
9
1170
2968
1894
2094
7429
22
3
0
4
10
8544
25
2229
27
3267
0
126
0
861
466
30
128
11
0
2689
33
156
7
489
4684
23
302
3
15
3
3
2644
0
40
913
4436
0
6474
393
11
3
71
85
11
7
629
3
897
204
4409
60
28
5
20
37
5847
0
1562
14
49
240
27
4715
13
1
377
140
360
21
102
616
0
9
293
225
115
295
1624
68
369
1
6713
28
6
5
63
7196
3171
2
3
2
23
22
46
446
1
111
42
60
57
0
34
266
56
106
47
2678
146
155
2
4
21
1059
812
7416
0
27
6
2
1110
1330
8353
34
615
4
1475
44
178
0
544
32
2
864
202
0
43
51
873
1097
17
1864
4455
28
501
17
0
22
6015
300
107
929
241
27
3685
4
193
162
7579
4
2
41
2897
3
113
2029
7582
35
2
0
215
8
6801
6251
3291
5112
131
485
2070
165
6643
10
12
0
0
17
2676
136
36
173
21
779
4776
131
4312
1
20
28
2698
0
82
144
3892
0
0
1
38
2316
3
15
17
7968
166
2
73
2135
6
2092
56
2215
340
454
2
679
2
1160
2
9
4649
5
64
58
371
6767
671
1200
3474
1
612
130
690
89
486
20
84
1
1153
200
148
1
2559
3
7
6
22
533
1704
197
2232
4
3
4482
8123
27
4278
869
5936
203
470
1791
137
5
0
22
87
862
44
341
1122
1
22
6224
0
6387
385
570
109
29
4414
3
22
292
762
7391
48
1427
3
108
144
8
2
284
121
5
26
32
5
6327
9128
2856
1157
345
4
178
103
8
1753
512
1785
451
0
3
499
70
1030
14
3
1442
2
3
4
8411
11
0
39
2243
11
3194
40
1
1
599
182
4740
9885
5877
172
1522
3407
5
68
1
29
1152
12
28
2182
24
255
2921
1633
1106
7
4
284
920
621
101
2
2496
0
25
3
7
567
5659
5
12
969
110
213
20
0
58
124
18
291
86
13
492
5119
2545
579
5
3685
2
6884
60
62
1
11
7
526
637
1
16
603
5
132
1
196
2
43
44
1
1
89
22
2134
552
11
1
3
67
4
62
2
128
71
799
581
17
6660
3
2
207
6
77
220
165
223
25
104
30
5690
7939
2165
22
7
2012
1009
1072
862
0
2202
6
9
29
185
1420
146
500
1
293
45
8996
7840
1982
7
15
2
2
308
3865
3
7
31
1
14
12
429
165
3967
7
6
0
0
12
42
0
45
118
10
23
793
10
43
3
1
130
23
3791
25
2228
2
155
29
17
4550
210
216
11
1
2
0
3059
33
857
229
186
6672
2
1
2
8
4782
234
343
1
152
9147
708
1
870
5020
17
7
106
0
14
5386
162
19
348
303
521
219
4674
27
109
6
11
2
475
0
0
8
40
13
14
6792
31
21
1589
497
624
267
68
1944
1
19
0
32
34
1007
0
1010
1867
10
0
2412
1128
8
61
5227
174
5486
29
8794
6257
21
28
3465
3
229
1
578
173
6096
3
3502
21
1
0
1350
36
45
116
41
2585
10
21
1
6
3
831
144
799
33
13
1
1
5601
3
6643
408
7
9
1
177
7073
7
81
1125
2159
6693
233
333
7742
3721
3164
165
2310
20
3
31
3625
4
625
3963
1822
2553
327
5431
0
12
0
73
17
393
1253
71
8622
885
6195
60
64
9
32
3807
20
20
104
1
11
6739
0
6943
3107
3992
2114
29
278
113
2
11
42
628
9
0
11
251
10
5345
680
4
69
21
1905
4
83
1319
28
4
2
237
1079
2
49
0
0
1
171
4755
7701
20
807
1
0
1
117
9
2305
4090
0
3914
402
1
29
8
1896
4
139
1568
5
6
337
700
1767
1
286
901
260
676
1817
7411
21
153
423
3386
93
129
32
6
9
1
5811
4
3162
5
13
74
4
15
820
43
1492
4
3
390
1
4519
81
116
183
63
5189
90
10
1
0
1586
23
207
7352
52
753
1545
27
575
8
60
1
3
39
1
4
406
307
84
3721
7
21
80
2307
3
6
5014
47
3008
69
172
550
13
8
3027
38
53
5
5111
4712
1
782
1
12
0
3674
2057
151
206
131
0
195
19
2
134
1410
701
812
453
19
3
5128
742
44
510
7964
9547
734
4354
49
317
2007
0
830
938
19
8
59
0
150
360
564
3908
37
441
4
1685
14
1665
6881
578
0
2253
872
1
238
22
0
1857
5
5769
454
398
216
3746
1055
5318
371
3
2521
218
9128
1368
3321
277
51
9514
1534
18
61
99
2
163
2
435
2
410
0
0
1
0
0
1734
9
220
5567
157
27
0
274
1811
63
8617
0
6330
273
3
163
1167
546
180
738
17
2084
1595
2332
1187
1258
0
105
9495
368
26
3
675
502
15
0
0
140
30
18
217
120
0
3916
9894
118
10
186
4821
331
23
368
1
1
6716
2083
66
0
9
0
1
2428
11
0
49
22
0
128
4
0
14
1457
2220
69
8609
207
50
1653
5256
23
0
400
64
203
2256
62
0
3568
43
384
749
329
0
2643
25
0
1244
0
3
11
3736
112
2
0
1820
7430
0
11
2
41
9328
6789
185
0
18
61
146
7
3
1
1
39
295
2
3162
5377
6938
26
90
13
3899
6363
6
4
4369
1290
0
6132
725
17
2
4795
40
274
632
7293
250
8
349
5375
0
456
58
46
88
81
0
48
4631
4753
8147
0
6424
4374
0
3
5
28
897
7
117
8632
49
1
0
1060
40
418
1
21
30
1433
7
9881
28
0
48
1751
461
3520
3
5
5350
8
2
92
31
681
2418
92
0
494
66
27
704
0
2098
30
2976
0
2
0
4
27
37
285
223
800
24
0
0
0
30
599
5629
7875
1450
60
91
8084
11
8
5107
49
3
3
1077
10
606
2138
440
113
15
6
4004
18
111
21
36
5034
362
1114
0
997
0
13
4
7802
16
12
6282
2
0
1533
0
0
801
15
3
5
9784
5932
2601
3
824
7
1792
128
2
1474
336
551
1
2023
23
4
5668
1522
342
7223
1373
1438
447
3701
4217
6540
7903
69
0
2832
40
8171
458
729
11
6
0
707
207
1598
5988
822
260
6090
9
1
150
33
32
100
5
7
822
175
0
706
187
692
4440
377
3
680
4
40
3349
8
187
4
904
4
4073
66
636
2105
5
1
1
3
3412
12
77
2494
163
3968
591
7
80
134
1289
351
1255
51
2
100
136
3
15
6429
5
386
3329
4
30
1530
1
129
10
253
6152
2919
2
1
0
0
162
18
7756
5977
86
31
19
2
2
243
0
5
605
290
15
6
484
153
19
3574
325
0
128
6317
292
563
2490
0
82
1
88
1730
156
0
260
22
7147
79
5
86
0
3484
3329
16
4403
530
409
1669
13
223
65
8224
0
4078
12
15
11
9928
789
14
292
17
5462
19
1
9614
0
34
0
1694
3641
44
10
16
81
7792
1
27
367
96
57
42
0
71
137
928
6
3655
22
2
476
0
0
4
61
3
640
494
27
0
21
0
4
317
604
2691
8
147
0
0
12
2944
0
4
0
1249
1612
0
90
2045
1583
0
517
6
1813
17
555
1
4046
506
844
167
37
6370
180
3804
425
3211
118
8778
4
4171
105
30
1303
83
0
1170
3443
1625
32
337
151
2
291
4
9042
0
11
1109
2
47
0
24
20
287
461
8132
569
82
0
0
7112
287
1532
1
104
3
7447
0
19
1528
20
15
0
221
82
0
5
1847
1
1
2
1
24
0
3523
0
24
229
103
3962
0
832
0
71
265
9286
11
14
89
11
494
13
23
2908
269
108
296
1123
1010
36
4232
2076
7509
0
28
5328
3
50
2382
3430
122
228
61
973
36
7
136
0
8285
2094
5
24
27
2811
5
1572
8
140
110
2318
1
156
406
2
23
620
3733
2156
4650
479
1
10
5
158
420
299
0
1
5152
7
32
4678
3820
4
245
7
7
13
4
74
30
129
12
1060
115
925
102
4588
434
253
2
4
0
6
28
6
3
16
35
1858
9132
0
4636
220
9
105
1
57
939
17
94
45
0
230
646
3764
349
1
3
6141
494
118
15
3
6236
2957
0
0
10
2515
16
32
180
10
494
0
1
7
13
0
102
3115
65
52
15
26
0
1696
1
8949
40
8059
23
2
1
103
5127
2559
46
12
1052
25
122
5828
1
4075
119
156
515
0
0
2
3
312
17
5467
957
1498
1987
527
3245
71
114
571
3811
148
1653
24
341
2735
12
264
4970
43
17
6880
2
3682
7550
60
768
6587
291
38
9
115
5354
4701
1232
730
388
0
41
1
516
2
4816
74
5739
0
2874
178
4
87
8467
8
0
1
344
89
1
0
9
10
0
42
32
226
1
6715
49
6096
6
50
6
5
6
2
0
433
7158
35
0
11
8519
8
1
1289
6755
229
3
915
44
174
0
2
610
234
20
1
356
202
503
1721
1081
76
1095
2
2
55
746
2925
264
4
528
2259
1
1229
1068
179
53
687
3
2
4076
537
5
5
1
278
0
9406
158
1
1
394
189
3318
11
1397
84
1
551
2285
1580
2501
0
31
1900
4548
1
880
1
712
0
44
0
393
81
5
204
7615
0
142
29
18
7
21
1527
397
5
3824
5297
4438
2317
2
103
6
73
14
3
878
75
1
150
10
0
160
1
9592
2504
4488
1993
457
10
1476
18
209
10
4
1
1186
47
1
7720
69
422
0
43
43
1935
0
1
1715
27
0
0
40
1885
0
164
0
70
869
2164
76
0
2410
55
168
1375
3
7895
4902
4760
2
0
0
4
0
164
5726
1
1391
732
14
0
27
487
631
1
0
1269
0
20
49
2
65
0
1
0
820
3
1
3
43
7825
1951
494
4479
333
21
20
630
1316
2
730
364
59
1622
324
0
3
1501
23
1397
3
3809
212
25
1
1231
2195
220
2
682
0
1
1937
17
9
1663
3752
5742
7
435
1881
2957
4969
61
29
10
75
17
15
221
1763
63
4421
3867
20
5425
2237
19
128
9
98
10
199
0
685
1212
0
173
0
3210
29
7
0
1005
5974
93
0
5
1
15
3
473
29
5
886
6
216
2
6
1
0
680
1
1004
175
500
9806
61
1175
3400
8
1
14
7
8836
12
32
8
0
80
3
82
834
2992
495
2722
9
34
7
7
0
4
203
460
50
6
1355
1501
668
652
511
1919
697
0
6809
7
39
1482
0
0
5714
23
671
0
345
981
39
4919
6
6
28
19
55
896
20
1444
2
4
1963
7
0
23
366
4
0
0
23
17
178
707
7155
347
3
2729
626
11
0
24
29
40
3291
6157
13
32
216
2570
15
9
0
0
0
209
127
141
4392
8
551
8213
13
217
7354
2503
5475
9044
604
929
897
19
9632
2
9698
24
2969
1905
5398
8105
55
1987
50
1879
9
1
467
2
24
0
4
1749
1842
14
1
56
319
387
4
8
1
0
5955
774
632
3150
441
56
155
0
1
3
8
85
69
483
1
401
5642
2616
0
13
0
3
446
740
1
6
1
97
573
134
4041
433
208
189
78
8134
13
5
12
48
106
333
742
21
9
26
0
2
3
13
2
9
